0
0
0
0
0
0
0
0
0
0
0
0
0
6.67883
1.1718
0.712802
0.617328
0.494745
0.448284
0.50059
0.636241
0.786392
1.1959
1.43982
1.25892
1.27177
1.50305
0.909998
0.716369
0.746167
0.782216
0.764778
0.899254
1.08576
1.21039
1.21136
1.13633
1.01542
0.995571
0.962937
0.912479
0.871251
0.912503
0.951103
1.02682
1.08428
1.07406
1.08687
1.02817
1.02109
0.937861
0.948119
0.955998
0.965078
0.958922
1.01603
1.06414
1.03688
1.02257
1.00809
1.00774
0.978936
0.968069
0.9765
0.993281
0.987964
0.99648
1.02977
1.02082
1.03198
1.00381
0.98614
0.975232
0.979043
0.991591
0.994759
1.01918
0.988384
1.01998
1.01875
1.00362
1.00262
1.00363
0.985027
0.97041
0.99635
0.978211
1.0294
1.00399
1.02794
1.00511
0.987446
0.997684
0.990075
1.01108
0.99874
0.978831
0.978143
0.988238
0.994452
