	Iter  Collision Rate  Pf          Press           Max dR    
	1     9.4840943e+02   0.0481347   1.1920625e+00   1.2274356e-02
	2     3.0782872e+03   0.0879831   1.3500779e+00   2.2851663e-02
	3     4.7917313e+03   0.1388134   1.6048059e+00   1.4511584e-03
	4     6.8679483e+03   0.1915136   1.9145260e+00   3.9754678e-02
	5     9.7637833e+03   0.2413900   2.3426134e+00   2.8954110e-02
	6     1.4268939e+04   0.2870885   3.1945895e+00   3.3930782e-03
	7     1.6902351e+04   0.3276509   3.4959640e+00   7.9659177e-03
	8     2.6774673e+04   0.3631342   5.7906300e+00   8.9301386e-03
	9     2.6311166e+04   0.3950487   5.1091100e+00   3.7466565e-03
	10    3.2024079e+04   0.4229044   6.0809835e+00   3.4750864e-03
	11    3.7186031e+04   0.4485161   7.0179660e+00   2.1487759e-03
	12    4.5289032e+04   0.4704306   8.3633503e+00   8.0252966e-03
	13    5.1849002e+04   0.4902205   9.6002205e+00   8.4737107e-03
	14    5.8518417e+04   0.5084460   1.0770526e+01   4.2089597e-04
	15    7.1318679e+04   0.5246001   1.3345241e+01   8.3612244e-03
	16    7.6200055e+04   0.5392791   1.3981128e+01   4.0636856e-04
	17    8.7311438e+04   0.5523265   1.6027767e+01   2.1432835e-03
	18    9.8701903e+04   0.5640872   1.7997027e+01   2.2668079e-03
	19    1.1977488e+05   0.5739786   2.1573155e+01   8.8066813e-04
	20    1.3574198e+05   0.5827743   2.4553449e+01   2.2222021e-03
	21    1.6059630e+05   0.5903390   2.9084077e+01   8.2878479e-04
	22    1.7786464e+05   0.5972559   3.2051845e+01   2.5340692e-03
	23    2.1084395e+05   0.6031275   3.8475088e+01   1.5051795e-03
	24    2.5170477e+05   0.6081094   4.5804587e+01   2.2936970e-06
	25    2.9511147e+05   0.6123782   5.3407470e+01   2.6910016e-03
	26    3.5040269e+05   0.6160001   6.3670034e+01   1.0805736e-04
	27    4.1380132e+05   0.6190734   7.5802578e+01   2.5028948e-05
	28    5.1284041e+05   0.6215656   9.3363196e+01   2.3254912e-04
	29    5.6671758e+05   0.6238345   1.0268535e+02   4.1055861e-06
	30    6.9912781e+05   0.6256729   1.2687189e+02   1.6409723e-04
	31    8.6416662e+05   0.6271622   1.5690076e+02   4.0324344e-06
	32    9.9508911e+05   0.6284680   1.7985423e+02   1.0692647e-04
	33    1.1593787e+06   0.6295911   2.1039747e+02   1.3184657e-04
	34    1.4203950e+06   0.6305017   2.6116126e+02   8.9548479e-06
	35    1.7226211e+06   0.6312564   3.1382657e+02   2.8776111e-04
	36    2.0131476e+06   0.6319066   3.6389546e+02   5.7247087e-04
	37    2.3620514e+06   0.6324630   4.2597436e+02   1.5009630e-04
	38    2.7996627e+06   0.6329308   5.0910971e+02   8.7614175e-05
	39    3.3180126e+06   0.6333265   6.0717527e+02   6.1811970e-06
	40    4.0163656e+06   0.6336523   7.3645179e+02   2.0792818e-04
	41    4.7020799e+06   0.6339316   8.5021960e+02   5.0915668e-05
	42    5.6532754e+06   0.6341645   1.0333391e+03   3.1150170e-05
	43    6.7031601e+06   0.6343605   1.2232991e+03   3.9730213e-05
	44    7.6274989e+06   0.6345331   1.3838702e+03   3.4514603e-05
	45    9.3501259e+06   0.6346740   1.7104807e+03   3.4969876e-05
	46    1.0446995e+07   0.6348001   1.8860464e+03   3.7596198e-06
	47    1.2733414e+07   0.6349030   2.3392980e+03   1.3311610e-05
	48    1.4905118e+07   0.6349911   2.7317380e+03   4.2818209e-05
	49    1.7850419e+07   0.6350649   3.2746221e+03   3.0400591e-05
	50    2.0583657e+07   0.6351292   3.6875571e+03   4.3194779e-05
	51    2.4736639e+07   0.6351826   4.5726624e+03   2.0067078e-06
	52    2.8101590e+07   0.6352295   5.1221668e+03   4.8681235e-06
	53    3.3192504e+07   0.6352691   6.0988889e+03   1.3712502e-05
	54    4.0442172e+07   0.6353018   7.4025765e+03   1.5060779e-06
	55    4.5239473e+07   0.6353309   8.3056313e+03   2.9114946e-06
	56    5.4867851e+07   0.6353550   1.0103479e+04   1.5739417e-06
	57    6.4426439e+07   0.6353755   1.1791506e+04   2.7666880e-06
	58    7.8553964e+07   0.6353924   1.4542821e+04   7.1075432e-06
	59    8.8759963e+07   0.6354072   1.6267862e+04   3.6934444e-06
	60    1.0724433e+08   0.6354196   1.9626424e+04   1.9130053e-06
	61    1.2699088e+08   0.6354300   2.3257987e+04   7.7111912e-07
	62    1.4394245e+08   0.6354392   2.6460567e+04   1.0352055e-06
	63    1.7021953e+08   0.6354469   3.1024856e+04   1.0904538e-06
	64    2.0088650e+08   0.6354535   3.7148101e+04   1.0251769e-06
	65    2.3310115e+08   0.6354592   4.2377967e+04   4.6143436e-07
	66    2.7879800e+08   0.6354640   5.1018289e+04   7.1030552e-08
	67    3.3073184e+08   0.6354680   6.1150549e+04   1.0898487e-07
	68    3.8506561e+08   0.6354714   7.0592328e+04   9.3920255e-08
	69    4.3263137e+08   0.6354745   7.9230098e+04   5.3735333e-07
	70    5.2446343e+08   0.6354770   9.6226558e+04   3.5975472e-07
	71    6.0711196e+08   0.6354792   1.1160502e+05   3.8932262e-07
	72    7.2736121e+08   0.6354810   1.3449551e+05   6.9123343e-07
	73    8.3715504e+08   0.6354826   1.5448709e+05   5.8421762e-08
	74    9.8846277e+08   0.6354839   1.8083092e+05   1.4050877e-07
	75    1.1455557e+09   0.6354851   2.0961184e+05   5.0849495e-08
	76    1.3168737e+09   0.6354861   2.4164148e+05   2.1742400e-08
	77    1.5653508e+09   0.6354869   2.8688809e+05   6.6415058e-08
	78    1.7640788e+09   0.6354877   3.2220977e+05   2.4127612e-07
	79    2.1297428e+09   0.6354883   3.8839177e+05   1.0340989e-07
	80    2.4913776e+09   0.6354888   4.5684200e+05   1.4542038e-07
	81    2.8372964e+09   0.6354893   5.2225339e+05   7.2736068e-08
	82    3.2858483e+09   0.6354897   6.0845982e+05   1.6555062e-07
	83    3.7659566e+09   0.6354900   6.9102537e+05   1.3915751e-07
	84    4.4154409e+09   0.6354903   8.0895422e+05   1.5964848e-07
	85    5.2202561e+09   0.6354906   9.5414304e+05   1.0724515e-07
	86    5.9761101e+09   0.6354908   1.0915826e+06   3.3840565e-08
	87    7.3613514e+09   0.6354910   1.3470899e+06   3.4090984e-11
	88    8.2785278e+09   0.6354912   1.5021812e+06   2.2171118e-08
	89    9.4859220e+09   0.6354913   1.7399057e+06   3.6759053e-09
	90    1.0882760e+10   0.6354914   1.9818718e+06   4.7372585e-09
