Iteration: 175
  0.1942721214123020   0.0297681306556275   0.2361128671449597   0.0381044539571424
  0.9941895337645987   0.5658680455878482   0.4831228295265430   0.0381044539571424
  0.0804620044911611   0.3528806471980172   0.7623069349688854   0.0381044539571424
  0.6197900048211309   0.6201707446230771   0.8812199319640707   0.0381044539571424
  0.8879797691473623   0.0105768381750839   0.1317770150880681   0.0381044539571424
  0.7294862959906477   0.4976459878531114   0.0917602064399283   0.0381044539571424
  0.8408044883458164   0.4716526376207733   0.9903550650401057   0.0381044539571424
  0.1769648874286850   0.2738544904083854   0.4400308358428629   0.0381044539571424
  0.5307971524206678   0.7971418633004510   0.8658182106687192   0.0381044539571424
  0.5251220145340701   0.9486429645590467   0.7326402036258258   0.0381044539571424
  0.8338769350131224   0.3292070501542259   0.4347528358079351   0.0381044539571424
  0.1119512307107119   0.4218327757863108   0.3971251030812177   0.0381044539571424
  0.7763329045917996   0.0078568549759854   0.7076795902434119   0.0381044539571424
  0.7507039303805606   0.8374394124813913   0.9236942197714494   0.0381044539571424
  0.3191099934692300   0.2732504124778984   0.4186713956915294   0.0381044539571424
  0.2200206972597296   0.9266601692312618   0.5498381940048898   0.0381044539571424
  0.5684377943798378   0.9732738301567924   0.3672449478606719   0.0381044539571424
  0.7762699454708981   0.8047578273518455   0.3847209811781748   0.0381044539571424
  0.5631252294276126   0.8245662471970223   0.4107302065190712   0.0381044539571424
  0.9095511691968994   0.2364495040311771   0.3854540920695366   0.0381044539571424
  0.4843342759935376   0.7150760500005111   0.4293169326979204   0.0381044539571424
  0.4053038495189887   0.7800194766513047   0.2171760303122410   0.0381044539571424
  0.3339157934121340   0.3351559460834483   0.3767632717728706   0.0381044539571424
  0.1641630977506801   0.1398587807117474   0.7093891461954851   0.0381044539571424
  0.8387974191826019   0.4583648685285002   0.6917372763007709   0.0381044539571424
  0.5538315169470630   0.7364819350976980   0.4065195812624497   0.0381044539571424
  0.4567914225814535   0.9240445256185439   0.1748400118812133   0.0381044539571424
  0.7581571993835704   0.6081082269044027   0.3872242995150935   0.0381044539571424
  0.9001449660307264   0.9121470883442310   0.7243906995159445   0.0381044539571424
  0.7149635113188539   0.1568953244955944   0.7272501523777530   0.0381044539571424
  0.5846082398391991   0.5006288705008340   0.6717123001655587   0.0381044539571424
  0.9025513584237043   0.1794699454792316   0.3345346334363937   0.0381044539571424
  0.6086106153642551   0.7303182629218952   0.0330673841651641   0.0381044539571424
  0.5161644390726245   0.9139120770948412   0.6653994054201418   0.0381044539571424
  0.6249334002561319   0.0020721078035578   0.6499656630127763   0.0381044539571424
  0.3807503036290993   0.1201925711733322   0.8484865569528521   0.0381044539571424
  0.1434745580449734   0.8046942697308475   0.2982380700182609   0.0381044539571424
  0.1668826061251191   0.7922451980585152   0.0285606616081304   0.0381044539571424
  0.7133788567507103   0.2197742555368910   0.0083808951740259   0.0381044539571424
  0.6449282720784668   0.4436524515550410   0.4323987674787866   0.0381044539571424
  0.7424315751881423   0.2235493847693507   0.1885454221696489   0.0381044539571424
  0.7689413859297227   0.6495290687174637   0.9556287248986005   0.0381044539571424
  0.7153462568374245   0.6131069876760055   0.2302983943357159   0.0381044539571424
  0.7570430571986835   0.6661573698166144   0.2957601116562031   0.0381044539571424
  0.9624736634173557   0.0144871732910328   0.8452195963207559   0.0381044539571424
  0.6773006584743019   0.1959675053162677   0.4076822771981555   0.0381044539571424
  0.2042103925228222   0.0221375270861263   0.9166832496336874   0.0381044539571424
  0.9497425277027826   0.2287053187459579   0.6704560306482760   0.0381044539571424
  0.3683404369799460   0.1084347005303620   0.9405058825186414   0.0381044539571424
  0.3640954106682484   0.4789287835994976   0.9405815222139521   0.0381044539571424
  0.4524643491008496   0.1345113197967110   0.9797428991155493   0.0381044539571424
  0.5464384914747555   0.5260248570690279   0.1897376188270646   0.0381044539571424
  0.5852173507574550   0.0051132383007442   0.7936592740776475   0.0381044539571424
  0.7253564580505752   0.1370208075364233   0.8308385232104211   0.0381044539571424
  0.8992444316058356   0.4256036186662051   0.1475836666362710   0.0381044539571424
  0.7267363788537190   0.9125374919074803   0.1565455503350665   0.0381044539571424
  0.3506832967381567   0.8810014906030081   0.3780577597151353   0.0381044539571424
  0.1365398773708419   0.1781066943043006   0.2250101845726418   0.0381044539571424
  0.9283857204268386   0.5678307653293456   0.5475610703499649   0.0381044539571424
  0.5060296068250137   0.4461147182807892   0.9979961663602448   0.0381044539571424
  0.3044159215288347   0.7437575498950143   0.5597162512601787   0.0381044539571424
  0.8092110584329122   0.0999411832848188   0.6401967099032553   0.0381044539571424
  0.0413377336629470   0.9368368270695669   0.9608704358794967   0.0381044539571424
  0.0928966125222515   0.3276883450121283   0.4896280854601603   0.0381044539571424
  0.7244953554822087   0.8139807419120678   0.5816154324489791   0.0381044539571424
  0.5679238413161061   0.7243453531634626   0.7649517274082234   0.0381044539571424
  0.3231641444391393   0.0423578871731208   0.0766495446149838   0.0381044539571424
  0.7026279347636364   0.7893193396439713   0.8893291956727009   0.0381044539571424
  0.9133189318637487   0.1417820869812254   0.2691780550479313   0.0381044539571424
  0.8496372692789217   0.5588410939777119   0.9798321154943719   0.0381044539571424
  0.8926691684161566   0.3387318165684296   0.0043124683108886   0.0381044539571424
  0.6278378630188082   0.1256063626635400   0.8908959961846364   0.0381044539571424
  0.8762095785196812   0.7517731335238411   0.2763423790336423   0.0381044539571424
  0.3424463864538312   0.0513129667695986   0.9909747379484930   0.0381044539571424
  0.7262981690354360   0.8888678991030490   0.4288912978434027   0.0381044539571424
  0.3519045733310737   0.4187230360201639   0.3428916866026628   0.0381044539571424
  0.9840421222929293   0.1187437977951804   0.1278478743012652   0.0381044539571424
  0.1660279069729889   0.5700341935745319   0.2123438659480247   0.0381044539571424
  0.9676528556208001   0.0732559173004903   0.6996677968355292   0.0381044539571424
  0.4569504397518468   0.0731138270104768   0.5640642192331484   0.0381044539571424
  0.5336797230444299   0.2928434097456872   0.5078863440498517   0.0381044539571424
  0.4176865281627368   0.4596315955810372   0.8259654426944416   0.0381044539571424
  0.7995793687957519   0.6967807985396588   0.0940262987643797   0.0381044539571424
  0.0969507060294482   0.1239612723846757   0.7416003441718177   0.0381044539571424
  0.2354369303017528   0.6518459259077287   0.5692283678530782   0.0381044539571424
  0.9173415568043130   0.2690508623018272   0.7264043269342192   0.0381044539571424
  0.8612560925332917   0.9184707202643161   0.6576469644136389   0.0381044539571424
  0.5301863931915586   0.2521199385086944   0.6607616202904413   0.0381044539571424
  0.8547860327214133   0.5700291450573756   0.5276437697237801   0.0381044539571424
  0.0935516384129908   0.1574968460530111   0.1197675560989961   0.0381044539571424
  0.5050436489166429   0.9445752468486389   0.2708543507312970   0.0381044539571424
  0.2720861241089839   0.3184071247378034   0.1882997374173278   0.0381044539571424
  0.5813335430130746   0.2695921836856208   0.0826450119068376   0.0381044539571424
  0.1797419812631850   0.2143680167178663   0.7130592671045055   0.0381044539571424
  0.7953273404654775   0.7183835392027017   0.1669854619792564   0.0381044539571424
  0.9973259181887173   0.7213690979657983   0.3685874005282844   0.0381044539571424
  0.8914772033808096   0.8097245251317073   0.1758757918898753   0.0381044539571424
  0.3505434799608164   0.6459641376396018   0.6649292761307839   0.0381044539571424
  0.2223011731995035   0.4562844462948678   0.5620492107427305   0.0381044539571424
  0.1402964986686086   0.2073170202819607   0.0859938099783438   0.0381044539571424
  0.2817686063352726   0.9892947115479713   0.4958731579523634   0.0381044539571424
  0.7794942237516580   0.9987777873400915   0.3203986872087867   0.0381044539571424
  0.3712857312908267   0.0208549363910813   0.9210451324729368   0.0381044539571424
  0.9917639534883007   0.2166186329191243   0.8762575389923426   0.0381044539571424
  0.5853198773057960   0.4789528869273742   0.0220020703636094   0.0381044539571424
  0.8528656354411633   0.2168115361931016   0.7422908181922585   0.0381044539571424
  0.6128270130582313   0.1873470307508672   0.4543478969267700   0.0381044539571424
  0.4139677289202009   0.3352150788951477   0.2872916744774719   0.0381044539571424
  0.6223477761243471   0.3118446276470009   0.9075442828438677   0.0381044539571424
  0.5820266203298883   0.7824420078972208   0.3281471862661636   0.0381044539571424
  0.0609138815702789   0.1277639284715344   0.3067501924944183   0.0381044539571424
  0.6894439683661761   0.0870184267623204   0.7625118831684506   0.0381044539571424
  0.1902686090078509   0.6778994946668249   0.1999120619058840   0.0381044539571424
  0.6582784213129326   0.2966564926256784   0.8413142798888845   0.0381044539571424
  0.5654050671054052   0.2206096846920526   0.5038715044146610   0.0381044539571424
  0.1172535902763191   0.7385134444946559   0.7318057006401169   0.0381044539571424
  0.2295699081867488   0.7908318924294584   0.4829671707335513   0.0381044539571424
  0.1451985446226726   0.9836698545961735   0.2004122977858168   0.0381044539571424
  0.0328662361175056   0.8146762664226825   0.6731447495208606   0.0381044539571424
  0.0087503532189392   0.4764999072712833   0.2230753718586951   0.0381044539571424
  0.0644996072119512   0.0546935274285859   0.0328901886576845   0.0381044539571424
  0.0433673656588009   0.5450977393995501   0.9656712203854818   0.0381044539571424
  0.8393514947004860   0.2000549208035675   0.9315164241129108   0.0381044539571424
  0.9648875600651882   0.0652306790725215   0.1786144641823733   0.0381044539571424
  0.4290090600134597   0.9640900251416618   0.9023333611811707   0.0381044539571424
  0.4792840786092304   0.6673789855354951   0.7794611083069408   0.0381044539571424
  0.1201310605325038   0.3502605060329933   0.4219907066088165   0.0381044539571424
  0.4579545434446204   0.9422422923859440   0.6238103004735575   0.0381044539571424
  0.3118788462467947   0.1093391872053494   0.7911047064363658   0.0381044539571424
  0.2057139625062187   0.1570021662678258   0.6478470661388335   0.0381044539571424
  0.8196537960572419   0.5950418928194053   0.7614505156656275   0.0381044539571424
  0.5766106165753754   0.7824246534357602   0.1178669629298222   0.0381044539571424
  0.6783341090802659   0.4018238298691285   0.9750402352714416   0.0381044539571424
  0.9558243748653211   0.2952793807941541   0.7867279141726913   0.0381044539571424
  0.9159750872536959   0.4470156612299413   0.2189651904988092   0.0381044539571424
  0.8735811057798112   0.0751006128489124   0.5933572086890252   0.0381044539571424
  0.7750386327882266   0.8003300680427904   0.5262364303830558   0.0381044539571424
  0.5022934355066428   0.4290549717614898   0.4095437560071791   0.0381044539571424
  0.5345043919575486   0.8037297313019499   0.6410335985247982   0.0381044539571424
  0.4679053025758144   0.3657832830571827   0.9391057351271361   0.0381044539571424
  0.1763815653561689   0.3178717934269595   0.2311052111168851   0.0381044539571424
  0.7491489401563003   0.6792589082131808   0.2132954635155070   0.0381044539571424
  0.5662246672844933   0.3900332536518044   0.2482124248180637   0.0381044539571424
  0.7743006722158043   0.3822260154439437   0.3988578195213562   0.0381044539571424
  0.1462184614593690   0.8575114432116324   0.2433367541251181   0.0381044539571424
  0.1520228984559352   0.6246356533944620   0.1610570451659501   0.0381044539571424
  0.4961083785291951   0.6277429501117847   0.9768754021628495   0.0381044539571424
  0.0685029361440142   0.7682887366162604   0.9352669342777273   0.0381044539571424
  0.8904075916357869   0.3593149933977610   0.3172065365203179   0.0381044539571424
  0.5697587298918809   0.2464641021912710   0.4323145874351856   0.0381044539571424
  0.8924449586574267   0.5057357224053046   0.9458450755120282   0.0381044539571424
  0.0732493823071257   0.8448458476660134   0.7303289494766428   0.0381044539571424
  0.2957694006578426   0.3716830913196795   0.3218231404256818   0.0381044539571424
  0.4010477336718066   0.4161901358936272   0.1509632042270475   0.0381044539571424
  0.4192457245107239   0.3047268411565027   0.8898988266597315   0.0381044539571424
  0.6803043687124061   0.5754311035925660   0.8932271770231505   0.0381044539571424
  0.0122866317020511   0.2398302614181974   0.6233908732175663   0.0381044539571424
  0.0762222695500084   0.8084231845668250   0.4554506155641890   0.0381044539571424
  0.8293943505320243   0.7126732581734968   0.6686565728336469   0.0381044539571424
  0.8986436709188550   0.4377723179927716   0.7341892569658305   0.0381044539571424
  0.4550334543053358   0.6818875346100404   0.9423933457379796   0.0381044539571424
  0.5396500808248866   0.4626230195267569   0.2316492741813999   0.0381044539571424
  0.0636791164750934   0.6294958738276137   0.7051152013408999   0.0381044539571424
  0.8478748484705418   0.5033186237506366   0.4914534459875006   0.0381044539571424
  0.7552200423636768   0.9901352676476787   0.8980005837422675   0.0381044539571424
  0.7199473360523190   0.8608312431653454   0.5216809373898803   0.0381044539571424
  0.9133401950693354   0.6373721084033196   0.7338297207962363   0.0381044539571424
  0.3373315737473147   0.1172983386128661   0.0750170180138394   0.0381044539571424
  0.0622809522886941   0.3052533491526654   0.6227283670396785   0.0381044539571424
  0.8622864327109396   0.4046933830721536   0.6429988362429943   0.0381044539571424
  0.7254827882915268   0.7249312757823662   0.1312824267000966   0.0381044539571424
  0.0485780374304651   0.3375095783145811   0.1231483170047287   0.0381044539571424
  0.2223328924948882   0.6355292142783991   0.8502084466808696   0.0381044539571424
  0.0892046110957915   0.8536426457760934   0.1603223557031949   0.0381044539571424
  0.4884267127335749   0.8045852326930163   0.5803377305272772   0.0381044539571424
  0.4266126134394455   0.4201919394125276   0.4082563260813020   0.0381044539571424
  0.1632031144945754   0.3028912494438203   0.5100092513138821   0.0381044539571424
  0.7789212837841737   0.9536941656300527   0.2535236542300413   0.0381044539571424
  0.6421254301112125   0.4688221373841678   0.9722195962397091   0.0381044539571424
  0.1740634091498530   0.4159900294939600   0.3461202732669645   0.0381044539571424
  0.4008061078132209   0.0667650307916354   0.5129241720756300   0.0381044539571424
  0.8650554012364672   0.9300665723900068   0.0180237728550786   0.0381044539571424
  0.0100670058918646   0.6117074339269634   0.1133814108431367   0.0381044539571424
  0.6634017696310415   0.5408501864180185   0.5342469844999812   0.0381044539571424
  0.4932718168450334   0.5409740187030041   0.5021080479770805   0.0381044539571424
  0.9471867973108823   0.5019599191245008   0.2615651356316673   0.0381044539571424
  0.7070811301179519   0.8828032015917224   0.0575214487257734   0.0381044539571424
  0.9203321368665770   0.8061766873154431   0.2463215391790827   0.0381044539571424
  0.5181368952378002   0.2245617943817620   0.3053685492495739   0.0381044539571424
  0.3808519196542279   0.8208742073837165   0.4643465314741723   0.0381044539571424
  0.6005551376478825   0.0140740544016076   0.1695895266875150   0.0381044539571424
  0.4419548851262465   0.1563020055163932   0.8135826709486111   0.0381044539571424
  0.5748418365122575   0.8655983073372087   0.6598730745962222   0.0381044539571424
  0.8761844552021714   0.9995665590169989   0.0564157420722625   0.0381044539571424
  0.4048619634144467   0.0840605286675452   0.0927101574075412   0.0381044539571424
  0.3485891682904531   0.7156488572544789   0.0670392403549242   0.0381044539571424
  0.3506665406384731   0.9952647192002357   0.5493240373040722   0.0381044539571424
  0.0007141060318116   0.6269238218062994   0.2631755624702950   0.0381044539571424
  0.9125522641167954   0.2199504658628780   0.9388384654480501   0.0381044539571424
  0.8776635430301012   0.1280544031644971   0.8084566069247936   0.0381044539571424
  0.8815020027334614   0.2642105384422732   0.7947861184799214   0.0381044539571424
  0.4017248209772650   0.8972211587436358   0.4322902179091317   0.0381044539571424
  0.2604839325345029   0.2011867763259750   0.9305340380915483   0.0381044539571424
  0.9174179411803338   0.2659832377106076   0.1447926019649176   0.0381044539571424
  0.2129881296713653   0.5883951465570820   0.0049707248596405   0.0381044539571424
  0.4266525008945244   0.0001981581521175   0.5853696949756849   0.0381044539571424
  0.3735536138605817   0.6876304794202743   0.3189254335759543   0.0381044539571424
  0.5891507703502309   0.0618869428438695   0.8745568354996565   0.0381044539571424
  0.5875326886171492   0.6312626939315094   0.5492708492216111   0.0381044539571424
  0.5891820726854980   0.0460933087940458   0.3758934214507703   0.0381044539571424
  0.3502930209465895   0.3269712447689362   0.0589159362862670   0.0381044539571424
  0.2955107372156912   0.2578705735050389   0.1221510630624981   0.0381044539571424
  0.4034121367298787   0.5250112380079514   0.9920293636780015   0.0381044539571424
  0.7881855826041217   0.0088478634792712   0.1776594855053567   0.0381044539571424
  0.6313982734247933   0.6687672872299477   0.3994623917854853   0.0381044539571424
  0.7508641715010592   0.6039359594648469   0.8972996553508724   0.0381044539571424
  0.8385367477485274   0.1940974123527109   0.3732123335033800   0.0381044539571424
  0.0663304596398670   0.6849342566748524   0.3547616852452042   0.0381044539571424
  0.0239393856463385   0.7119595595129986   0.5579787156565864   0.0381044539571424
  0.5748081923347690   0.4517459635687858   0.4036678237293265   0.0381044539571424
  0.9868793607867822   0.8427621167926729   0.8638519635978217   0.0381044539571424
  0.9706523109384443   0.4089882367900184   0.1819231353795405   0.0381044539571424
  0.7536003899810599   0.9883488605683791   0.3998258392068053   0.0381044539571424
  0.1742508808266694   0.9634651672835596   0.2679069644177476   0.0381044539571424
  0.1546856629421694   0.6761160889574015   0.5852939671455588   0.0381044539571424
  0.6397968027396553   0.8934194264661551   0.6884148920579002   0.0381044539571424
  0.8970415774061828   0.8613849584448434   0.0030221171590752   0.0381044539571424
  0.9002132031577711   0.0225140690595635   0.9878164470301524   0.0381044539571424
  0.8614136273732638   0.2565157428350187   0.4417762008467735   0.0381044539571424
  0.8225139038019643   0.0156805193137956   0.3809907859428347   0.0381044539571424
  0.6569720536783511   0.1992815907096094   0.0554520881954133   0.0381044539571424
  0.3604052196440549   0.1742229756261445   0.9853152506797852   0.0381044539571424
  0.5626219005406213   0.0943528331774542   0.8107111254336636   0.0381044539571424
  0.4308614629455854   0.3695564220454983   0.0946360171537024   0.0381044539571424
  0.7632465397424796   0.8105424809174313   0.6488668174648802   0.0381044539571424
  0.5340687727279513   0.3339212916626627   0.6308970216151104   0.0381044539571424
  0.7293985235763500   0.3496986729087707   0.4513474228104367   0.0381044539571424
  0.6590304067750513   0.9966255668763623   0.5385038468793938   0.0381044539571424
  0.8149811782398780   0.5951942660018115   0.8521152016489888   0.0381044539571424
  0.7376188865796076   0.9526227918146257   0.0582054807590812   0.0381044539571424
  0.4292613381419596   0.6841913884616045   0.1213548144372404   0.0381044539571424
  0.6165562319388879   0.0885841624000155   0.1696697378075689   0.0381044539571424
  0.6354281828734786   0.5866326384393478   0.5883694675988553   0.0381044539571424
  0.2511362075104070   0.0739561036106226   0.0830948511316705   0.0381044539571424
  0.5716762022498894   0.2940690070529937   0.8402734980703489   0.0381044539571424
  0.6006909016884820   0.4073802992684927   0.0431891879808454   0.0381044539571424
  0.8495817844619404   0.9724782715287332   0.2044093796214559   0.0381044539571424
  0.9239272257685012   0.5495680471233022   0.6214149300976747   0.0381044539571424
  0.8256317203527525   0.6077303866627314   0.9265276285491920   0.0381044539571424
  0.2751501550687238   0.6954359204287506   0.1460440976829135   0.0381044539571424
  0.9562882757158687   0.7677576108860719   0.3151258342047232   0.0381044539571424
  0.8163843151115324   0.3742640699262899   0.5903219898364882   0.0381044539571424
  0.0052870136018779   0.9912617293256346   0.0189547973573019   0.0381044539571424
  0.6827213110843999   0.3654148238381022   0.7438392837329054   0.0381044539571424
  0.2839641109615193   0.6090866432480345   0.6688068628471711   0.0381044539571424
  0.4678216067005603   0.0083140563720336   0.2898196186232224   0.0381044539571424
  0.6999252282832273   0.7694556654201448   0.6383747846240228   0.0381044539571424
  0.9282624267070975   0.1455281864887588   0.1723340491013502   0.0381044539571424
  0.6102511348673862   0.4938772160293996   0.2164541321178391   0.0381044539571424
  0.8982643030476408   0.8812396776188894   0.1504333884236935   0.0381044539571424
  0.1322525728903980   0.9456139153595350   0.3974814272865680   0.0381044539571424
  0.1803355989636041   0.5178114670513593   0.9995975640258105   0.0381044539571424
  0.6086545865527843   0.3366063833244075   0.2822424339268230   0.0381044539571424
  0.5364342269908539   0.3555273273008250   0.5516020980761972   0.0381044539571424
  0.6177184353106514   0.1339262715483650   0.0426954320237722   0.0381044539571424
  0.9925147977362735   0.6945850516331320   0.2972714121814846   0.0381044539571424
  0.9304586976987956   0.2522094205584451   0.4737454288441639   0.0381044539571424
  0.0964244976413126   0.4273945661001327   0.7614869661547525   0.0381044539571424
  0.8381939644335621   0.0485648822925712   0.6884488031416437   0.0381044539571424
  0.5692594177523204   0.1785061929713739   0.5837813762823918   0.0381044539571424
  0.5967011487425904   0.6612506189871721   0.6962104566692588   0.0381044539571424
  0.5840942617414001   0.3981512352918589   0.3218505510850434   0.0381044539571424
  0.6540616677232109   0.7410850038900310   0.0932842987292787   0.0381044539571424
  0.7716586714676394   0.3014186874183525   0.6072913077269980   0.0381044539571424
  0.2578013792574071   0.3565743026518748   0.2551404621740711   0.0381044539571424
  0.2872186958192613   0.1671497751977127   0.8678081850698720   0.0381044539571424
  0.1157800330934615   0.3537459503952744   0.5982554878440757   0.0381044539571424
  0.8407116791571414   0.3856748889641289   0.7145473647078984   0.0381044539571424
  0.0324732092117729   0.8738282775167883   0.0787967367120438   0.0381044539571424
  0.2420186548592611   0.3403721205919654   0.8901248326182536   0.0381044539571424
  0.8722552087500310   0.7894187971998211   0.9992398939437317   0.0381044539571424
  0.1029536017276193   0.6041145942036309   0.6285390073828555   0.0381044539571424
  0.3473906329394452   0.2967625208041372   0.5521360085017735   0.0381044539571424
  0.3306554410698733   0.3926168143122313   0.6830826039187748   0.0381044539571424
  0.7570352559400957   0.4685392516840531   0.2714399479175554   0.0381044539571424
  0.7922015121245286   0.7572826530635897   0.0482781788451913   0.0381044539571424
  0.2113903579199527   0.0815001370758026   0.6565084620034403   0.0381044539571424
  0.4717372769825198   0.1213204636214812   0.0722623336781571   0.0381044539571424
  0.4629589628362317   0.8281634865677076   0.0693488340992063   0.0381044539571424
  0.1197231332376052   0.9545124086835869   0.3203890614822849   0.0381044539571424
  0.8420205506873133   0.6636856496721303   0.7284535217085037   0.0381044539571424
  0.1739420168569562   0.8993971969075192   0.6040717924347765   0.0381044539571424
  0.1437145469877186   0.1958726809746179   0.4020987703793381   0.0381044539571424
  0.0947807729660784   0.0830703233349905   0.3642116903448208   0.0381044539571424
  0.4697345115410378   0.0435620237483674   0.4901579018724422   0.0381044539571424
  0.9611528425025541   0.0235439880160503   0.1148846497194583   0.0381044539571424
  0.8599170445998597   0.2626285477296768   0.6767155261912521   0.0381044539571424
  0.1001546677598265   0.0870138637025771   0.9564729782733267   0.0381044539571424
  0.9752010039737854   0.0896270392445313   0.6194036715863828   0.0381044539571424
  0.6695552055015609   0.9984243753123592   0.4456892068105471   0.0381044539571424
  0.3210953268030080   0.4667333664432677   0.0087250877467442   0.0381044539571424
  0.7255449592495101   0.8164442784230899   0.4590079945242674   0.0381044539571424
  0.2141839269094789   0.5603060602995145   0.1540844562837014   0.0381044539571424
  0.8695971494128240   0.2663733480374265   0.9980091624162095   0.0381044539571424
  0.6860512902612022   0.1799995647476391   0.1614811598723582   0.0381044539571424
  0.2833131280751831   0.9134976027584079   0.3926588401085824   0.0381044539571424
  0.6338130632626607   0.5404269191473917   0.0200035456798643   0.0381044539571424
  0.9921863409288784   0.1595552101897303   0.2981689798988890   0.0381044539571424
  0.1341121628657649   0.8329063953327225   0.5969154559070797   0.0381044539571424
  0.1092315981365010   0.2873049355072916   0.5615062404251586   0.0381044539571424
  0.0661355533541489   0.9775985834418126   0.0627562962264388   0.0381044539571424
  0.8079888248586508   0.2037202484760600   0.0014931057093561   0.0381044539571424
  0.4351444917740531   0.6286370405667938   0.7295634528451940   0.0381044539571424
  0.5184414296602178   0.7278569461473359   0.8303609617783564   0.0381044539571424
  0.6287270789237582   0.7388917492012963   0.3697433372951422   0.0381044539571424
  0.8821490458731079   0.2430003113969055   0.5320531875112710   0.0381044539571424
  0.7857750436432320   0.0295510747659447   0.2509627186621385   0.0381044539571424
  0.8128417803707184   0.1039908894905837   0.8617099656512144   0.0381044539571424
  0.4277826123083318   0.9035918695239423   0.0600572790789445   0.0381044539571424
  0.2234057861192465   0.3580964228432437   0.3414880171533021   0.0381044539571424
  0.7068240730893673   0.2071653189313999   0.8541647856423038   0.0381044539571424
  0.2353403133916687   0.4553034195752604   0.9899245470184843   0.0381044539571424
  0.2201242017651442   0.9432917936750957   0.8087190566947674   0.0381044539571424
  0.9680482611747721   0.9008772748032869   0.4951988077767153   0.0381044539571424
  0.4269354399195708   0.5320220423706427   0.4656780484859706   0.0381044539571424
  0.1867356946214572   0.6741985458207493   0.5150402910013846   0.0381044539571424
  0.0170022786426032   0.4726190139617085   0.9504174752949655   0.0381044539571424
  0.8044823986015642   0.4522259659762764   0.4017943264540427   0.0381044539571424
  0.0187696161231845   0.0878892575859548   0.3672369010246264   0.0381044539571424
  0.4460021080508310   0.5309490982557543   0.6871009300536883   0.0381044539571424
  0.6347672493541727   0.0698854077592876   0.8127584124366034   0.0381044539571424
  0.2748165880585171   0.1239862262488651   0.6004533927820196   0.0381044539571424
  0.6889884090168391   0.0842117019139535   0.8720414549532494   0.0381044539571424
  0.7367223014126756   0.7434702490916238   0.4929705712429715   0.0381044539571424
  0.3372856919313927   0.9559417938928311   0.3595944992623480   0.0381044539571424
  0.3192312489928621   0.8540939739891350   0.2272182822764574   0.0381044539571424
  0.5481562923803397   0.6438977403136952   0.6159331147557922   0.0381044539571424
  0.6853262644271617   0.4433514959018410   0.5078012600067936   0.0381044539571424
  0.1729511017756976   0.5032251353299422   0.5088247639179193   0.0381044539571424
  0.9700528088567634   0.5306660003001020   0.9351173997594974   0.0381044539571424
  0.3016404937993810   0.8921194112207632   0.3078373178645850   0.0381044539571424
  0.3655656193832558   0.7379566453870536   0.1379058737284525   0.0381044539571424
  0.6791823753189874   0.6652798544692597   0.1727205585636704   0.0381044539571424
  0.9056447633312618   0.2333028479417295   0.8641270341044920   0.0381044539571424
  0.8790302935995991   0.8555608939313767   0.0796970615188022   0.0381044539571424
  0.6164422627905785   0.2370676569394882   0.8638243697882954   0.0381044539571424
  0.0044933116324266   0.6320304769225205   0.3391192082202165   0.0381044539571424
  0.9971966140097712   0.5359246264441172   0.6834749480351275   0.0381044539571424
  0.6578083446222883   0.7383765507380921   0.1699238593620722   0.0381044539571424
  0.1236318221188183   0.3498123795088263   0.1183142573763782   0.0381044539571424
  0.2274129021911666   0.2537741453645551   0.6685346899692191   0.0381044539571424
  0.8458747445656811   0.3039925320025966   0.5901697576983225   0.0381044539571424
  0.5499333839173501   0.7017907267395341   0.2277280948419304   0.0381044539571424
  0.8415840196153591   0.4252211538324958   0.8831694258234982   0.0381044539571424
  0.0327302174663986   0.7962612194883834   0.9964698232142560   0.0381044539571424
  0.0286586407862617   0.9259055562624333   0.1383577279714252   0.0381044539571424
  0.9482165685012199   0.3120659209893125   0.4300458289064709   0.0381044539571424
  0.7180928306702441   0.4244374025763484   0.4416468432444469   0.0381044539571424
  0.5103188800960501   0.6317937196480583   0.5465563775713718   0.0381044539571424
  0.1426990667323355   0.9739258840445683   0.4686976933179750   0.0381044539571424
  0.4553873039749914   0.7386987416660540   0.5997069178408351   0.0381044539571424
  0.4965893991732929   0.8720531834567163   0.8764674074794701   0.0381044539571424
  0.9887480264252742   0.6246678695068282   0.1879457727318002   0.0381044539571424
  0.4578234543875198   0.8127605855785768   0.8483713755611962   0.0381044539571424
  0.8668893033940809   0.7561612311999447   0.5947452808810267   0.0381044539571424
  0.2455100319032007   0.5639879652929959   0.8378606716358020   0.0381044539571424
  0.0928789520239875   0.9158746279286448   0.0985716782894110   0.0381044539571424
  0.7384895180333844   0.9949342514366006   0.1215835529220516   0.0381044539571424
  0.2690203193309244   0.4173243926332514   0.5144028969640353   0.0381044539571424
  0.0728079459054548   0.6396214218262735   0.2903337289560393   0.0381044539571424
  0.6658880371411214   0.3743414926648539   0.9050572796247579   0.0381044539571424
  0.6958386127828240   0.4819770838425660   0.0246565970735458   0.0381044539571424
  0.7364416013279792   0.2699036500629978   0.8226290682013350   0.0381044539571424
  0.5061474874015375   0.2391286282039984   0.5744576844475964   0.0381044539571424
  0.0083502844610916   0.8865027321112448   0.0076262347539403   0.0381044539571424
  0.4671867749481519   0.3546312926963685   0.4098836107078537   0.0381044539571424
  0.0800593706087749   0.1723355356792660   0.3655262056908028   0.0381044539571424
  0.9635396952396472   0.8249300542865575   0.0105612109001525   0.0381044539571424
  0.7678210532524026   0.7748650174372963   0.8526041699115160   0.0381044539571424
  0.1854035489829489   0.7574513910992847   0.6144702193982733   0.0381044539571424
  0.6862222895072508   0.7541443018136466   0.5490384858072159   0.0381044539571424
  0.3862570107218146   0.1099400941084080   0.0170515657604737   0.0381044539571424
  0.2923147686421669   0.3487071403445878   0.8334800973671245   0.0381044539571424
  0.0841865162572239   0.7058941664651907   0.8159853512326074   0.0381044539571424
  0.2291419524738832   0.7320735999766725   0.5574551562690195   0.0381044539571424
  0.0569529931011693   0.7688737361611457   0.3677176880608674   0.0381044539571424
  0.1956028371707355   0.3444988319283320   0.4131243822518420   0.0381044539571424
  0.2712463040241210   0.5146587735982475   0.5599021832105158   0.0381044539571424
  0.9069068706847594   0.0984250450363376   0.1145093059029045   0.0381044539571424
  0.2684506609336229   0.8470030505536584   0.8947038528802519   0.0381044539571424
  0.4153241398156259   0.7567377447977011   0.0828811861757509   0.0381044539571424
  0.6929623878067085   0.8427361861257354   0.6587681791138997   0.0381044539571424
  0.1539245581472534   0.6413418221291339   0.9987670496040850   0.0381044539571424
  0.4928393224747776   0.8784071127950120   0.5987403537006855   0.0381044539571424
  0.1218837831762052   0.6316258698236515   0.2323347163694797   0.0381044539571424
  0.4077425627951341   0.3684382739771628   0.3555944143267037   0.0381044539571424
  0.5537979075745861   0.6519368214889505   0.7840635086740074   0.0381044539571424
  0.3134177453834222   0.6432369143935092   0.8777816281406881   0.0381044539571424
  0.9836098692093634   0.7646390601472030   0.1138487239621601   0.0381044539571424
  0.9752680186377044   0.7542651961695748   0.5173612067358272   0.0381044539571424
  0.9545143331849778   0.3876632743480525   0.7209472597224652   0.0381044539571424
  0.7178149975256179   0.7731219107165962   0.2017954579886894   0.0381044539571424
  0.4949789190822406   0.8627228318621486   0.1470429684883458   0.0381044539571424
  0.1206029903939293   0.8902407525232392   0.5482709406103442   0.0381044539571424
  0.4776888135894278   0.3435103485262843   0.4976064112344380   0.0381044539571424
  0.2599454852847611   0.3112995764619000   0.3893413897395167   0.0381044539571424
  0.8271366895835648   0.9609096666646045   0.4337788641426346   0.0381044539571424
  0.9860712154969710   0.8462667617445458   0.9409560877205941   0.0381044539571424
  0.6740940425816467   0.8567750955576140   0.7457619931591600   0.0381044539571424
  0.8590508821112466   0.2309387894341528   0.6074132417540528   0.0381044539571424
  0.1852450499719770   0.3770467743467718   0.2783022589395575   0.0381044539571424
  0.5688207433239084   0.5613075015197426   0.1088106659048830   0.0381044539571424
  0.9063322172279492   0.6006471573207867   0.9507506163616509   0.0381044539571424
  0.2815582837181800   0.2401095672386282   0.3612314026399278   0.0381044539571424
  0.0538481451848773   0.4696972414790479   0.3762957288317880   0.0381044539571424
  0.1556010564396131   0.4912643301651257   0.1361391351540263   0.0381044539571424
  0.4209018376746220   0.1403768139255473   0.5220551476858778   0.0381044539571424
  0.2558019980902391   0.1859780464907767   0.3141655992524668   0.0381044539571424
  0.2990436423119481   0.0439211168185503   0.9285836702774828   0.0381044539571424
  0.5527865514765973   0.1008588368175267   0.2162814919026631   0.0381044539571424
  0.0981368852229778   0.5978809504177384   0.9703648340051368   0.0381044539571424
  0.2276896522603254   0.6348674657098886   0.1459610420064551   0.0381044539571424
  0.6322174913954877   0.1438815547865618   0.5145359859147242   0.0381044539571424
  0.9754855762163135   0.5542497614843774   0.2138917767811743   0.0381044539571424
  0.6790850644498858   0.5337045271844075   0.9569861275148365   0.0381044539571424
  0.9845773926908064   0.3658518752900428   0.7874925298272111   0.0381044539571424
  0.5540233770114763   0.4671209925845671   0.8536346149554319   0.0381044539571424
  0.1996427396713254   0.5018734497244266   0.2007961417235109   0.0381044539571424
  0.7701941520119941   0.4674315669195497   0.0330791649232132   0.0381044539571424
  0.1325471224228243   0.0172515147176317   0.3714026833656843   0.0381044539571424
  0.8425890114358708   0.7612908156571484   0.2086159525676856   0.0381044539571424
  0.5632597858999914   0.1638510547074037   0.3146383104585641   0.0381044539571424
  0.4580943921804629   0.6013153447693423   0.4716241045271869   0.0381044539571424
  0.8752358291169544   0.6349910605152196   0.7999546678850685   0.0381044539571424
  0.3810582324805989   0.6227648695179585   0.8161924556620427   0.0381044539571424
  0.6343790284120959   0.8835079564574205   0.0285337872524221   0.0381044539571424
  0.6996720649410910   0.3589917926854586   0.1716446876852917   0.0381044539571424
  0.0497086314972422   0.1025568852536459   0.0903194814057170   0.0381044539571424
  0.5584416764373655   0.1012549762646635   0.4185550684733125   0.0381044539571424
  0.6915313135844664   0.1425664755891504   0.0180776193585527   0.0381044539571424
  0.6037481934480472   0.3792392290994339   0.5807591361457874   0.0381044539571424
  0.2063253310218869   0.0255454388978935   0.5069114651980674   0.0381044539571424
  0.4119927759204432   0.8315151941982744   0.3948467134024948   0.0381044539571424
  0.5939483608337330   0.9532159647907410   0.6998402221870188   0.0381044539571424
  0.3161492248992590   0.7915366111480592   0.4919266762480207   0.0381044539571424
  0.9213674877484136   0.7248559582682853   0.3738405442775409   0.0381044539571424
  0.4461877158651310   0.7341233562274863   0.7566489317707409   0.0381044539571424
  0.1609250989285492   0.7258889023901822   0.9912852812361989   0.0381044539571424
  0.9884072863631647   0.6901875393970701   0.0983002997958666   0.0381044539571424
  0.3380194843671946   0.1799871183565830   0.4898423005713120   0.0381044539571424
  0.3898486419406552   0.6828268846922106   0.7581911392602939   0.0381044539571424
  0.7370931034633018   0.2183546671911165   0.7665035343030598   0.0381044539571424
  0.8295426784449695   0.3372667450248795   0.6567572040458903   0.0381044539571424
  0.2696051779059797   0.7563610391147858   0.7648686538585063   0.0381044539571424
  0.9460860295125633   0.1728167915292053   0.9884539969950322   0.0381044539571424
  0.0551228812700149   0.8399196539189513   0.9093431263791714   0.0381044539571424
  0.7645106794889839   0.0650199028143122   0.3965274236455032   0.0381044539571424
  0.8651508075495044   0.2971267252253754   0.0903443008207249   0.0381044539571424
  0.9015681973134750   0.6926091772264117   0.6826625052941796   0.0381044539571424
  0.7230078301625108   0.0448241218161729   0.8163719375469384   0.0381044539571424
  0.9744327890503320   0.9846246812918588   0.4688260311286214   0.0381044539571424
  0.9097345501379848   0.5589943795256459   0.4741999786299507   0.0381044539571424
  0.4929902466562071   0.9993872526882828   0.5477540509265134   0.0381044539571424
  0.6607543726421369   0.3782286939565420   0.4681348018258885   0.0381044539571424
  0.0547696562404857   0.6508928889475711   0.5915669731513850   0.0381044539571424
  0.1190028419138638   0.3676331012189772   0.2248361868329452   0.0381044539571424
  0.6637533245609112   0.1558731519903774   0.3443047557812420   0.0381044539571424
  0.5654905065878201   0.8578147965605925   0.1185504279988001   0.0381044539571424
  0.1263079199358956   0.1118279099334013   0.6479509427395147   0.0381044539571424
  0.1344246161766843   0.1188202765608154   0.8108251971758513   0.0381044539571424
  0.3030701403449139   0.8071088440732844   0.9496378276618846   0.0381044539571424
  0.6085500417612485   0.1049212679860816   0.3314867706321600   0.0381044539571424
  0.9504816468025679   0.8291130573695387   0.0855264528627829   0.0381044539571424
  0.5515624167217367   0.8660483567774173   0.5182599264801289   0.0381044539571424
  0.7750563154670365   0.0633623041353652   0.9139559503613017   0.0381044539571424
  0.0023484435730903   0.2043180357963258   0.3590033606779988   0.0381044539571424
  0.9607132029784311   0.1407683664255943   0.3649843504202526   0.0381044539571424
  0.9099906976641586   0.4757717050760400   0.7992668200201422   0.0381044539571424
  0.0164269043426034   0.6303050984666393   0.5176589759921271   0.0381044539571424
  0.4168523325415843   0.5823731614915539   0.5328458166631875   0.0381044539571424
  0.7240054748950498   0.7792496389030374   0.0742502737068222   0.0381044539571424
  0.6863815139610185   0.2941235031484026   0.7705216404872228   0.0381044539571424
  0.9165695852836750   0.6930746511438876   0.3034229194519631   0.0381044539571424
  0.8836070748379767   0.3080563979911295   0.3810186683413264   0.0381044539571424
  0.8801637902386323   0.3920219799236043   0.9512873626097426   0.0381044539571424
  0.3457385900734564   0.2557793691043857   0.4879063444755616   0.0381044539571424
  0.5982722243896711   0.1650713917657468   0.3823172405195001   0.0381044539571424
  0.3134611158460623   0.0959432378463067   0.8747911705399010   0.0381044539571424
  0.3028928440743090   0.1087709433323071   0.1429812186631055   0.0381044539571424
  0.7504227793070505   0.4583717540009317   0.5635698132066451   0.0381044539571424
  0.0245635449669397   0.2587025908998618   0.8214104632283907   0.0381044539571424
  0.7570167988250510   0.1036044324929482   0.0192642421254592   0.0381044539571424
  0.5032156142535033   0.2792536194352261   0.4148601046906696   0.0381044539571424
  0.3365278995781705   0.2015426542374694   0.3996342809275729   0.0381044539571424
  0.8438862519649433   0.9699966474393523   0.7120254282858210   0.0381044539571424
  0.3603146703654062   0.6989063796976726   0.5856295695119437   0.0381044539571424
  0.6807614247937031   0.6097692606854904   0.9613614880034773   0.0381044539571424
  0.2543014772580880   0.3603919646256719   0.6990541407133846   0.0381044539571424
  0.0936800025833682   0.3047610659126163   0.8302174454597510   0.0381044539571424
  0.1896862871372807   0.0437132902892802   0.3284536154177223   0.0381044539571424
  0.4531151946850578   0.6888683849678642   0.2557321107908092   0.0635074232619040
  0.9011676676153029   0.0368254085770556   0.7673251053996027   0.0635074232619040
  0.9559364735958940   0.2250213771762445   0.2294296047747858   0.0635074232619040
  0.1853008234739064   0.7858755794560603   0.9129756635647979   0.0635074232619040
  0.7680221334243118   0.1630162530052578   0.4394439294311988   0.0635074232619040
  0.7158283203522948   0.6862769047336993   0.0340734341389738   0.0635074232619040
  0.8850673990661251   0.7516902487209387   0.0927138368476673   0.0635074232619040
  0.8283583246968799   0.0542112882128772   0.4748321211066184   0.0635074232619040
  0.4640485385932595   0.7830556665989440   0.9453447724659857   0.0635074232619040
  0.8893537044069476   0.1373287459328270   0.6902396919616326   0.0635074232619040
  0.4056427194407283   0.6193075758019819   0.0383919697011512   0.0635074232619040
  0.9676918022096205   0.5717180282472736   0.0280374204577776   0.0635074232619040
  0.9588213626940477   0.8804501011135299   0.6473414579574189   0.0635074232619040
  0.6126469311592581   0.3836286141834475   0.8152645049722953   0.0635074232619040
  0.5623822225691624   0.6760957827978383   0.3252461437607376   0.0635074232619040
  0.6930648789168038   0.9360080713533934   0.6130909715636030   0.0635074232619040
  0.9437935958531846   0.4397756394014438   0.8880734691287316   0.0635074232619040
  0.8396350015632840   0.1939465505460388   0.1889191864679133   0.0635074232619040
  0.0599597268721372   0.4803203696896687   0.0421797788501473   0.0635074232619040
  0.3185385615087146   0.2961541926123189   0.6535340432434260   0.0635074232619040
  0.1275771120084260   0.9225937727685208   0.7673528007139467   0.0635074232619040
  0.5912323024265769   0.8670850281576493   0.9131145343121374   0.0635074232619040
  0.8362183199434526   0.1023305661099055   0.3293150981760525   0.0635074232619040
  0.1657373360019587   0.9878770704259801   0.1009867931300022   0.0635074232619040
  0.9321922880735334   0.3258372878479214   0.6434601815218565   0.0635074232619040
  0.0734752390969437   0.2336800297028203   0.2847891271010322   0.0635074232619040
  0.0404643667083595   0.9289900076081991   0.8595657555960471   0.0635074232619040
  0.3661904358904256   0.1673224683301071   0.3086112651997031   0.0635074232619040
  0.4956483018030137   0.4495398444121995   0.1170082806701715   0.0635074232619040
  0.5023221600009058   0.0321062360488786   0.6452107415075099   0.0635074232619040
  0.3309097483683064   0.7119993096495344   0.2299724435102099   0.0635074232619040
  0.7173051853272633   0.4885290485670777   0.3628013353045463   0.0635074232619040
  0.6780319884965484   0.4755212424381765   0.8736880481570312   0.0635074232619040
  0.3737603633541545   0.5931251385248049   0.2815935250576837   0.0635074232619040
  0.1246555747939858   0.9914612022130024   0.9808526425560528   0.0635074232619040
  0.9709092998348261   0.2707513316062539   0.0047072897652336   0.0635074232619040
  0.0709623224472585   0.5563322785947589   0.1791811494991091   0.0635074232619040
  0.1996025183987587   0.8941577928437724   0.3377550561071907   0.0635074232619040
  0.2411812445964362   0.6743665191731174   0.9421941900100574   0.0635074232619040
  0.4324830151032092   0.6903754523990917   0.5133053735387809   0.0635074232619040
  0.1708290444916206   0.4027294751957207   0.4927133712956583   0.0635074232619040
  0.6202670130853734   0.4740932125034470   0.1172913922356653   0.0635074232619040
  0.9115433257294258   0.8298394088643647   0.5408702585748466   0.0635074232619040
  0.1560215576786143   0.4895593315743605   0.8154193864881331   0.0635074232619040
  0.5981600152104163   0.0727007116252272   0.7180116020798389   0.0635074232619040
  0.7184248214837742   0.2820192602876232   0.9218942747324963   0.0635074232619040
  0.8430079543170957   0.3012625206244735   0.9063536446564605   0.0635074232619040
  0.7064879961661412   0.0690870076727462   0.3132099555905491   0.0635074232619040
  0.2980246587513538   0.7552211123815613   0.8624186783235318   0.0635074232619040
  0.3604745727057764   0.7120017887231868   0.9642273376360596   0.0635074232619040
  0.2466122308683240   0.1990495065501047   0.4494330157357873   0.0635074232619040
  0.6595890771047304   0.0979282071196009   0.4276715117714850   0.0635074232619040
  0.9384197581647425   0.4639303596564609   0.5154358890263522   0.0635074232619040
  0.7773646035976017   0.7768810278071372   0.2849552970263843   0.0635074232619040
  0.1314129230034748   0.2066821652930938   0.5023823617056317   0.0635074232619040
  0.0178340235753256   0.2627049636099462   0.5245427673381077   0.0635074232619040
  0.4796334602383959   0.4463627661655710   0.3120145840636693   0.0635074232619040
  0.9606328659570370   0.8853872599309786   0.2955811576790789   0.0635074232619040
  0.4055684184386190   0.4462203264974391   0.7259741287148165   0.0635074232619040
  0.3805439946508133   0.8093821274600471   0.7824817351188642   0.0635074232619040
  0.9401518745943577   0.4482812583292626   0.0147508686678983   0.0635074232619040
  0.5568675545055549   0.0627728920352256   0.0915927648620312   0.0635074232619040
  0.2669023129846966   0.7071638967820960   0.6484421633278138   0.0635074232619040
  0.0541447416411189   0.0377239024519455   0.6568977486964532   0.0635074232619040
  0.8415744994170503   0.4928219762189729   0.5923711968911947   0.0635074232619040
  0.3058504476390712   0.4055689415251935   0.1055231603539974   0.0635074232619040
  0.2780417802543139   0.7991542824386729   0.1523181384204246   0.0635074232619040
  0.3746241408900873   0.3116715680795058   0.1563781858600051   0.0635074232619040
  0.0793723667985316   0.7839676436230876   0.0859037152819693   0.0635074232619040
  0.8195758065917265   0.8629697483857112   0.4597707686553935   0.0635074232619040
  0.7786638618987992   0.2031705312425106   0.6630174179765689   0.0635074232619040
  0.6916608392412755   0.9941178652259701   0.2117577286286974   0.0635074232619040
  0.9700503211070256   0.4965736269765890   0.1304118683651144   0.0635074232619040
  0.9622361732177198   0.7546928533982064   0.6298421735428748   0.0635074232619040
  0.2391927912638401   0.5768975638590784   0.4862551948160040   0.0635074232619040
  0.5684436454069343   0.8828765591599671   0.3208412092800244   0.0635074232619040
  0.4328437224049533   0.9273223673556819   0.3402408217096759   0.0635074232619040
  0.7935566868696128   0.2998064403200015   0.7440882270222049   0.0635074232619040
  0.5888693140024152   0.2759160147542462   0.7417857355125459   0.0635074232619040
  0.9001415815268322   0.8073478693062429   0.9031884901080025   0.0635074232619040
  0.1555161036885986   0.0992559505718864   0.0407950768786184   0.0635074232619040
  0.7028302357157152   0.8730390150784870   0.2484718658100005   0.0635074232619040
  0.3601713625237291   0.6123979996161004   0.1567870063186909   0.0635074232619040
  0.7869477399210389   0.6839721816170017   0.8114017931966017   0.0635074232619040
  0.2906654602790112   0.4813592038884730   0.6539181851475498   0.0635074232619040
  0.2434244187324255   0.8310952929725870   0.5752270466748939   0.0635074232619040
  0.6313114693601564   0.5441977815702783   0.4378935733833781   0.0635074232619040
  0.5107978835123426   0.7133558761468636   0.6810234625065330   0.0635074232619040
  0.6257185150724730   0.7843681151351303   0.8231068419644100   0.0635074232619040
  0.1202659461698222   0.0276241872909271   0.8535843049447196   0.0635074232619040
  0.5387848507444900   0.1720170863624465   0.8717441691699391   0.0635074232619040
  0.4891564324145489   0.0322349621202545   0.3909730779682888   0.0635074232619040
  0.5137160734459467   0.3242819190190271   0.3243771439429990   0.0635074232619040
  0.9424092425504772   0.1784806711830766   0.5824231803838429   0.0635074232619040
  0.0188048984163142   0.7143087935722637   0.7386586954535879   0.0635074232619040
  0.4025142863924974   0.6000593435148136   0.9128830469185697   0.0635074232619040
  0.4592133749152205   0.0758991613038240   0.8954611663769574   0.0635074232619040
  0.0696589230234899   0.9235891091225197   0.2321777378858033   0.0635074232619040
  0.7465440263363973   0.1587685376646164   0.9341963448527368   0.0635074232619040
  0.9779564189094778   0.8320450220748499   0.7632015856336730   0.0635074232619040
  0.1820555215057627   0.1069853063830326   0.5626205122424973   0.0635074232619040
  0.1089850441268754   0.2145703950078792   0.7859865492686766   0.0635074232619040
  0.7956473973154675   0.6368463572731848   0.4790064047306761   0.0635074232619040
  0.6747937347073480   0.2736949163585917   0.1223102832300096   0.0635074232619040
  0.9090647968457058   0.3404185700504916   0.5194227815291337   0.0635074232619040
  0.5992156284832373   0.4994127970955576   0.3173131849711437   0.0635074232619040
  0.2762547887668509   0.5673558717518618   0.3646608467009850   0.0635074232619040
  0.3814837874735342   0.3493400101149992   0.4654259576515807   0.0635074232619040
  0.5425247635751717   0.5455511332932157   0.5908671086645957   0.0635074232619040
  0.7815958371896002   0.9000590991028117   0.3443815437439451   0.0635074232619040
  0.3910182247758250   0.1202037027078752   0.4270552063092726   0.0635074232619040
  0.8370079001118371   0.4003324599784134   0.0712752395466693   0.0635074232619040
  0.4021649089398520   0.1955981771575168   0.0754496098420521   0.0635074232619040
  0.3723846078581809   0.8279083967221782   0.0209670419393945   0.0635074232619040
  0.1944383686653148   0.2520582236290851   0.8724388322961190   0.0635074232619040
  0.2097136118973263   0.3029114804471110   0.0915709454992598   0.0635074232619040
  0.7605988777537910   0.2781404515297189   0.3863018046275008   0.0635074232619040
  0.1586267152066432   0.0959341273396404   0.1677283696936285   0.0635074232619040
  0.2246834885698445   0.2288221355858600   0.2232214449855539   0.0635074232619040
  0.7950001533940502   0.7490214874836748   0.9470413557899271   0.0635074232619040
  0.7362576109660506   0.7765488629263286   0.7407417610538900   0.0635074232619040
  0.1852821366840154   0.2639368433785052   0.3391354566546919   0.0635074232619040
  0.3364285315071597   0.5187306038464977   0.8411120197169979   0.0635074232619040
  0.7970060877682977   0.8546210227279031   0.0195182859658192   0.0635074232619040
  0.1786674678132644   0.8615258717816302   0.1019653278071312   0.0635074232619040
  0.5133750263586322   0.8100586942931916   0.7633319950921050   0.0635074232619040
  0.5473994856955375   0.7261895229335146   0.5538556926049516   0.0635074232619040
  0.3797390359014318   0.0424196865917170   0.3272794678865403   0.0635074232619040
  0.2923412966898140   0.8236550018114162   0.6922080381098799   0.0635074232619040
  0.1618585906654943   0.6543289158845838   0.6964739489843150   0.0635074232619040
  0.3866680100793264   0.7404505424971668   0.6745371486073800   0.0635074232619040
  0.4895320605593969   0.0352372635041544   0.7721339520462271   0.0635074232619040
  0.8407770618809964   0.5478654702868891   0.4004030559509762   0.0635074232619040
  0.2751447165533036   0.7006204908036748   0.4724879789839986   0.0635074232619040
  0.1719302952337945   0.3375470415156239   0.9636409149836019   0.0635074232619040
  0.5619090729079812   0.0927705331009307   0.9682740887965716   0.0635074232619040
  0.8595307541346173   0.8088867851213002   0.6812949275313371   0.0635074232619040
  0.0740149593026840   0.4834051531224270   0.4768628463216214   0.0635074232619040
  0.3656803675928347   0.9522721777204466   0.9960376540612057   0.0635074232619040
  0.9985851412431301   0.6290025240750934   0.9189646952742008   0.0635074232619040
  0.8871027870607158   0.9550301708708686   0.5281703376435506   0.0635074232619040
  0.4984215472123530   0.1795842476631461   0.3943252743211383   0.0635074232619040
  0.5844217620888591   0.4537444781085326   0.5137376667059437   0.0635074232619040
  0.7135510051972934   0.5181558351286133   0.1941593670270745   0.0635074232619040
  0.8512136954002564   0.6195745980328242   0.6331110373660820   0.0635074232619040
  0.7903743410131191   0.0987651039836105   0.7627333571985031   0.0635074232619040
  0.7891913831063150   0.2776544786270888   0.5100556074385044   0.0635074232619040
  0.6044060473554305   0.3874013658985340   0.6829435938506934   0.0635074232619040
  0.9258114154287976   0.6693139762584281   0.5431446787702804   0.0635074232619040
  0.1888536877802620   0.8825306700021698   0.4637790375309159   0.0635074232619040
  0.9509369087993644   0.4543345024663829   0.6443501123994213   0.0635074232619040
  0.1312255047032126   0.4622909579312095   0.2664577879480282   0.0635074232619040
  0.4312807522207525   0.8593405267187519   0.6773023121520840   0.0635074232619040
  0.1632637813173858   0.1024978480659113   0.4370836472760611   0.0635074232619040
  0.3821375432425246   0.5060618208294644   0.0908865114437459   0.0635074232619040
  0.3517815496304611   0.4020412640985964   0.2426585735915123   0.0635074232619040
  0.1514709275837986   0.3124661914650619   0.7018968513325903   0.0635074232619040
  0.0970338180960969   0.5335258411926171   0.7033849368283873   0.0635074232619040
  0.9098601557469692   0.6311719471179422   0.1242325525376727   0.0635074232619040
  0.2952616204668335   0.9111867110324101   0.0934579269454718   0.0635074232619040
  0.6287652085818342   0.7697057255988681   0.4665703531441606   0.0635074232619040
  0.4093634439018035   0.4156467820121818   0.0059356884509794   0.0635074232619040
  0.3690001202858110   0.9425794368711962   0.2315026612212015   0.0635074232619040
  0.4255921663111773   0.5001434735544772   0.2100898676787707   0.0635074232619040
  0.1631058546698278   0.1410216792395298   0.3160519955099893   0.0635074232619040
  0.0832784501281105   0.9057182215690521   0.6495155588708200   0.0635074232619040
  0.1067711939022985   0.8659912456284553   0.9928757397848015   0.0635074232619040
  0.8978629145649709   0.3470627591708018   0.2164472225693426   0.0635074232619040
  0.5063857030277154   0.5423148989875471   0.0309253630723219   0.0635074232619040
  0.9743653658613830   0.0612370825538355   0.2797046299681202   0.0635074232619040
  0.5730367087520031   0.4023047048119876   0.9354161863652978   0.0635074232619040
  0.8113805363659763   0.2018878692703513   0.8338473943089022   0.0635074232619040
  0.7884935991328923   0.8170198844603861   0.1430954912318391   0.0635074232619040
  0.3131738238474743   0.8930126868021392   0.4875992459588131   0.0635074232619040
  0.5188395204656575   0.1981837109850572   0.0253185687358756   0.0635074232619040
  0.8299452345239083   0.8370050692159132   0.8015730650955566   0.0635074232619040
  0.6239885636976000   0.8286878294087181   0.5789583699974110   0.0635074232619040
  0.5561312204083155   0.8187622006725562   0.0252108752359985   0.0635074232619040
  0.6341731152751530   0.3173123730723828   0.0101485518436273   0.0635074232619040
  0.0322175600131197   0.9843091476879468   0.3625779533219099   0.0635074232619040
  0.6752533094588612   0.7969992751706154   0.9868823712838102   0.0635074232619040
  0.3881416749998259   0.5081097164657946   0.3748583476061877   0.0635074232619040
  0.5276429103034720   0.2836722786844383   0.9312567428785760   0.0635074232619040
  0.2332873389212854   0.8762363836220746   0.9882417956802413   0.0635074232619040
  0.4622560601335509   0.4880133133753193   0.9159455360670931   0.0635074232619040
  0.2029267295796564   0.5667192371551840   0.6141895433782670   0.0635074232619040
  0.7031988861838746   0.9184697487638395   0.9624541084514249   0.0635074232619040
  0.5046112816883729   0.5738673192276107   0.2768247552692600   0.0635074232619040
  0.1763614753147002   0.5693580495584394   0.9121211113896719   0.0635074232619040
  0.3243107886605593   0.2837076952575251   0.2797435437944003   0.0635074232619040
  0.6611914774684923   0.2762200492961617   0.4678902257563110   0.0635074232619040
  0.0681337359034203   0.6819723225711400   0.1607597030679333   0.0635074232619040
  0.8725755783077598   0.5371256001127688   0.2010304440308544   0.0635074232619040
  0.2437037718987102   0.2173335910323190   0.5750912998529142   0.0635074232619040
  0.5696098459148956   0.9433559725748629   0.5841490571116817   0.0635074232619040
  0.7291941724781034   0.5689780284367991   0.8043839527352085   0.0635074232619040
  0.2247833770956046   0.9312958811112324   0.6860632775291206   0.0635074232619040
  0.5952204061099879   0.9032937313946630   0.7905594244824257   0.0635074232619040
  0.4744108767533885   0.2651988366187144   0.8142470028768747   0.0635074232619040
  0.4822237893066151   0.7756213386802635   0.3459754498758312   0.0635074232619040
  0.7768971962761624   0.2948633487508572   0.0339156209876476   0.0635074232619040
  0.3873700859029598   0.8702006614234525   0.8937799006275644   0.0635074232619040
  0.7940535811746757   0.9735981486323452   0.8020773363746182   0.0635074232619040
  0.2688718788090522   0.9907687429581595   0.2930241801495068   0.0635074232619040
  0.0970288790859856   0.3538615721861703   0.3230831386466670   0.0635074232619040
  0.0238830972776448   0.3320453472850266   0.2215621153400956   0.0635074232619040
  0.8222488133163850   0.9076069490745784   0.9068769629312583   0.0635074232619040
  0.6934113634282526   0.2908647797348365   0.2467745388995868   0.0635074232619040
  0.5175740782707249   0.9162367984777413   0.4342123503540232   0.0635074232619040
  0.3785179187526032   0.7363921487510587   0.4079345840785457   0.0635074232619040
  0.1395428910236942   0.7639426382684940   0.5216592601672708   0.0635074232619040
  0.1712120730619741   0.6962515008074667   0.0879329722795118   0.0635074232619040
  0.2724872936245322   0.0138179537278085   0.1647385645513102   0.0635074232619040
  0.3448924806644763   0.3949479390217874   0.5781812871235618   0.0635074232619040
  0.3977683354304229   0.9837380879182483   0.1148359286896828   0.0635074232619040
  0.0032675672445737   0.4679368827443172   0.7597318386344727   0.0635074232619040
  0.5796175756382402   0.5352156261913573   0.9273905167741979   0.0635074232619040
  0.1565842098167410   0.0410657209469658   0.7319161387774799   0.0635074232619040
  0.9764278183900490   0.6306204945795052   0.6530244561119670   0.0635074232619040
  0.6740419890214727   0.3692084626593499   0.3676659896268478   0.0635074232619040
  0.4814161192445830   0.9061766927580452   0.9712745102140014   0.0635074232619040
  0.2996642493554786   0.2473668236447142   0.0211689202334347   0.0635074232619040
  0.5813380770648984   0.3565272337199376   0.1454968848164990   0.0635074232619040
  0.5194150686343740   0.6357039899859116   0.8782934888399343   0.0635074232619040
  0.8027169961721341   0.4052468841511329   0.4945188416130302   0.0635074232619040
  0.7804760605333987   0.3676142466868135   0.2983693940843266   0.0635074232619040
  0.1396442569306587   0.5740348646040774   0.0738142592445714   0.0635074232619040
  0.0621493025768241   0.0355605281106212   0.4748729132689012   0.0635074232619040
  0.9891997179774142   0.4206469911015676   0.3057023741868995   0.0635074232619040
  0.8091565577987008   0.4668468261040987   0.7904465951981969   0.0635074232619040
  0.1534454333754113   0.7719252619262659   0.1883849490200982   0.0635074232619040
  0.4738018452998795   0.3681903413907052   0.2120754250156676   0.0635074232619040
  0.0599188316200727   0.3953584776966619   0.6722345209208771   0.0635074232619040
  0.2934408230146501   0.6586447585501625   0.7793034774137353   0.0635074232619040
  0.2245825001916797   0.9941253930914306   0.4120197896533575   0.0635074232619040
  0.2874964022292722   0.4266993333532543   0.7685264618297007   0.0635074232619040
  0.0446164150517066   0.5228689774902914   0.8665284162455249   0.0635074232619040
  0.3582632705417401   0.6064932167596883   0.4534056965821636   0.0635074232619040
  0.0630429646835541   0.5919799438282279   0.4118712976766408   0.0635074232619040
  0.7688733041708421   0.8943230950419016   0.7060867599177204   0.0635074232619040
  0.6031447513263013   0.5533549915122647   0.8038987896465593   0.0635074232619040
  0.4575564572700948   0.0375446795289022   0.0165353568340426   0.0635074232619040
  0.0354901659891093   0.5387824344432454   0.2998729069835270   0.0635074232619040
  0.6303099751880987   0.1835777762521417   0.6650453123121639   0.0635074232619040
  0.9193568886036763   0.0011771125597440   0.6467799998380916   0.0635074232619040
  0.4415333176924205   0.6249025424517625   0.6217680921354936   0.0635074232619040
  0.4884825242369635   0.3884355772510314   0.8415868224612412   0.0635074232619040
  0.4582696096280077   0.4430743277316996   0.5035125229962781   0.0635074232619040
  0.9539262345561486   0.1937230417260217   0.7839565153928996   0.0635074232619040
  0.5497677332433306   0.6411249539734696   0.4532892430317089   0.0635074232619040
  0.2247332837636594   0.1623044325563959   0.7878265025501284   0.0635074232619040
  0.0072288129746520   0.9533306169993584   0.7394170812766866   0.0635074232619040
  0.1258844886588660   0.4682490628902237   0.5918089906293531   0.0635074232619040
  0.8528887882970073   0.2597986245919908   0.2970392198329254   0.0635074232619040
  0.1728899449896414   0.6557483032747621   0.4119634408436488   0.0635074232619040
  0.6628420023919236   0.8335106172748226   0.1345806097775207   0.0635074232619040
  0.1699275814685731   0.4195049063872067   0.0606546705223812   0.0635074232619040
  0.6512296805415476   0.6838138907765912   0.6134909814638544   0.0635074232619040
  0.2910019650344037   0.0904225803105521   0.4994610332423661   0.0635074232619040
  0.5898978803996118   0.9703168706027505   0.9871022175817192   0.0635074232619040
  0.0563779851146465   0.1252307910096480   0.5648633620957535   0.0635074232619040
  0.4506145190798709   0.6381363213606859   0.3721484995952822   0.0635074232619040
  0.2772668306312787   0.8121146181410595   0.3958062691298632   0.0635074232619040
  0.8942505266489768   0.5384198495472023   0.7208293888839161   0.0635074232619040
  0.0266376929490116   0.2806130285275274   0.7153462240292052   0.0635074232619040
  0.5176997530795067   0.9420108760889652   0.0876953203485264   0.0635074232619040
  0.7468394846838750   0.1078270971207429   0.1991760392224248   0.0635074232619040
  0.0204111957917679   0.5377335613561843   0.5783903393298921   0.0635074232619040
  0.9876449362718648   0.8423730600237375   0.1791642435219767   0.0635074232619040
  0.6756098978307330   0.8288837076245035   0.3644120800074624   0.0635074232619040
  0.8210719238939990   0.9362423014576572   0.1138134270561583   0.0635074232619040
  0.2631761460641482   0.3156317296157968   0.4970459679280686   0.0635074232619040
  0.8513095608903762   0.6573884250752813   0.0146091272689556   0.0635074232619040
  0.6799438381530780   0.4669402337969462   0.7469778182465326   0.0635074232619040
  0.1227346942935844   0.2125260683888773   0.6289655690534021   0.0635074232619040
  0.4850433860978797   0.7619177936083192   0.1568526603015106   0.0635074232619040
  0.8706191014769146   0.0240824627038512   0.8899512595345574   0.0635074232619040
  0.5673775790937423   0.3553691174692518   0.4352229834756953   0.0635074232619040
  0.3511365473426263   0.2028530933832193   0.7973471680251943   0.0635074232619040
  0.2350477090888658   0.1775391497893973   0.1074521451712072   0.0635074232619040
  0.8625082025047495   0.7434466232236713   0.4617209406709193   0.0635074232619040
  0.5179046847131538   0.1669191014003493   0.7465553966218298   0.0635074232619040
  0.8211850251614496   0.1529863353042764   0.5543607642805173   0.0635074232619040
  0.9293601679851062   0.0499053763063055   0.3979370106360066   0.0635074232619040
  0.5010880121437498   0.4296498696604022   0.6223365087003566   0.0635074232619040
  0.1342216347345619   0.9894822256213700   0.5687618914119996   0.0635074232619040
  0.0778652572914062   0.2632635059360553   0.9216112085990334   0.0635074232619040
  0.4044131516184464   0.1152863733179296   0.7223375405655740   0.0635074232619040
  0.7785058271992041   0.3974153884729035   0.9585731126806372   0.0635074232619040
  0.6173033973086719   0.7808264333953349   0.6964205620402369   0.0635074232619040
  0.0526920071195596   0.7701310741011422   0.2657044111594988   0.0635074232619040
  0.6564546111121300   0.9856912969616699   0.8653510320631265   0.0635074232619040
  0.2587732974270733   0.0102966983981989   0.5925949544244400   0.0635074232619040
  0.7711894321196142   0.5341927167071963   0.6896706078490424   0.0635074232619040
  0.7914041577972194   0.3076912728083859   0.1594455523598839   0.0635074232619040
  0.7203254032585195   0.0776774723849757   0.5373700881776251   0.0635074232619040
  0.1291103254262203   0.4545198989206681   0.9388100460068803   0.0635074232619040
  0.6832056794386817   0.0756298987128701   0.0940720407967055   0.0635074232619040
  0.5720986003031794   0.2591500513023710   0.2265221133019155   0.0635074232619040
  0.2476374008921939   0.4419460622535497   0.8896438758312518   0.0635074232619040
  0.2229443235561848   0.8394917116613149   0.8041590816159179   0.0635074232619040
  0.9403043516570513   0.9365314508545006   0.9500474946039064   0.0635074232619040
  0.7018432192318139   0.3569065959611107   0.5585894778695297   0.0635074232619040
  0.0759149409069743   0.8662964442165633   0.3453642390238660   0.0635074232619040
  0.2819974689307067   0.6385641157761410   0.0601591223300023   0.0635074232619040
  0.3782754149667260   0.0722464653574125   0.2038250539449425   0.0635074232619040
  0.4910262622336973   0.2687123243826460   0.1292153294826389   0.0635074232619040
  0.2488206491538415   0.0010657088082844   0.0058238059249189   0.0635074232619040
  0.0684569065318978   0.2638855381822082   0.4080579992236952   0.0635074232619040
  0.6367729284028832   0.9010796818069639   0.4753786858637565   0.0635074232619040
  0.3695843442428925   0.2027516286500748   0.5837063516356222   0.0635074232619040
  0.2442085073755446   0.7933832492400404   0.2746078602280662   0.0635074232619040
  0.6267790240837775   0.2015283336147963   0.9584556619611821   0.0635074232619040
  0.4539731708079353   0.5526081037485967   0.8068965652379899   0.0635074232619040
  0.4184925077155071   0.1958804685693180   0.9048056639406732   0.0635074232619040
  0.9673153097290633   0.0843501737128984   0.0337082653778593   0.0635074232619040
  0.0359875296694743   0.3756048441458803   0.9739288490553493   0.0635074232619040
  0.2648532580100009   0.7611868223963685   0.0318303544034222   0.0635074232619040
  0.5862866647083063   0.0203804608412157   0.2776313247105370   0.0635074232619040
  0.8862124361751703   0.6809801614119187   0.8906191203313726   0.0635074232619040
  0.7102697379391812   0.3941002236173033   0.0768760178648182   0.0635074232619040
  0.0575846932989886   0.3975161616406205   0.8506770265182407   0.0635074232619040
  0.2042739719897866   0.4021788667498808   0.1817038549445823   0.0635074232619040
  0.5210328959475133   0.1293290139011865   0.5087626354857502   0.0635074232619040
  0.0176384983553951   0.0349688480981403   0.9280586908117701   0.0635074232619040
  0.5897501755689123   0.1795951899995843   0.1290634890105202   0.0635074232619040
  0.2730342597589261   0.4104171316381168   0.4130738511398785   0.0635074232619040
  0.1794338113770928   0.4363633497449714   0.7024821245516356   0.0635074232619040
  0.2650099225392655   0.1106651201939317   0.2465767372308647   0.0635074232619040
  0.6828201369151050   0.9808968404772559   0.7411953093621608   0.0635074232619040
  0.3986479850153589   0.9804478515810063   0.6973245399957290   0.0635074232619040
  0.9545110641443716   0.7217624319044450   0.2012548329795335   0.0635074232619040
  0.9675750179640740   0.3150294396640776   0.8857068571559498   0.0635074232619040
  0.8050050805308931   0.4300888427468836   0.1905360816684266   0.0635074232619040
  0.0646289319395069   0.9089981599841137   0.4644522766712008   0.0635074232619040
  0.8685737900291055   0.0721277897384449   0.2102618029977483   0.0635074232619040
  0.0214542938327526   0.1577438568300918   0.6825749060899979   0.0635074232619040
  0.0442984860070910   0.7086911270881302   0.4583461883415612   0.0635074232619040
  0.8753780250195617   0.8138453721943747   0.3567868897132642   0.0635074232619040
  0.2547551859329801   0.6109394455219542   0.2409340925473621   0.0635074232619040
  0.6702457137152243   0.6523600129782401   0.4919104925051357   0.0635074232619040
  0.4405721407131531   0.2473196842772996   0.2437993938613856   0.0635074232619040
  0.8027884845041531   0.8786778934290373   0.5846875859204470   0.0635074232619040
  0.6944372396187007   0.6884582107031260   0.8985443340454953   0.0635074232619040
  0.0879206690595265   0.7369676218532413   0.6345320466565402   0.0635074232619040
  0.3860018474399201   0.8041270618153030   0.5646388848727304   0.0635074232619040
  0.8781441713044733   0.9816813863811392   0.3030529524470442   0.0635074232619040
  0.9475575899406327   0.0665925451322830   0.5225289986228764   0.0635074232619040
  0.3942322625450250   0.8498094003710188   0.1441571279296814   0.0635074232619040
  0.9545015111283297   0.7263535310865209   0.9876275261732431   0.0635074232619040
  0.8898461850585637   0.2002052444134116   0.0724183837209445   0.0635074232619040
  0.2166370795114505   0.3642589448666796   0.6047598503254282   0.0635074232619040
  0.6374595818551149   0.1520409173712245   0.2462286288945522   0.0635074232619040
  0.8528832049421251   0.1137134944866400   0.9870621505903255   0.0635074232619040
  0.9189556006318036   0.9238230797068723   0.4092405811821233   0.0635074232619040
  0.2862680428047373   0.9470151341154481   0.8970486778905868   0.0635074232619040
  0.4101953898578925   0.2681936557177496   0.3720252922256295   0.0635074232619040
  0.6451856122544930   0.9545693336618558   0.1003632127437021   0.0635074232619040
  0.4865843043078316   0.6003838103842024   0.1539236770700106   0.0635074232619040
  0.7467111822091991   0.6591001489802129   0.6935240061677096   0.0635074232619040
  0.7945191594780604   0.5127997733483548   0.9079491247449248   0.0635074232619040
  0.9768457189364944   0.8133327060365297   0.4331859934012203   0.0635074232619040
  0.5101439183768438   0.5301177278585056   0.4024965690523058   0.0635074232619040
  0.6510182271856911   0.5757506190144001   0.6881868296375461   0.0635074232619040
  0.7845815776432826   0.5660152591196446   0.2879511819983026   0.0635074232619040
  0.0211647037301259   0.1522255580758985   0.4458504274909116   0.0635074232619040
  0.3360177623601090   0.9112033943610564   0.6112116397272355   0.0635074232619040
  0.4405286011334348   0.3134802704545451   0.5968768135068597   0.0635074232619040
  0.1146130594190574   0.6803484109933094   0.9131428967579494   0.0635074232619040
  0.2313036042613907   0.9020971658134390   0.2102066252870464   0.0635074232619040
  0.6624723520645678   0.4750311329504006   0.6116547488288705   0.0635074232619040
  0.8944856715304290   0.1599733617232927   0.4508669579408399   0.0635074232619040
  0.4798845879649608   0.8035505272506520   0.4790908289095301   0.0635074232619040
  0.0629363640356794   0.1438703040431319   0.8809275174432325   0.0635074232619040
  0.2311369873370325   0.5561264696781666   0.7375781404074511   0.0635074232619040
  0.3722347441918933   0.0232197569470260   0.8193535491885380   0.0635074232619040
  0.2579675169275624   0.2826259412092846   0.7643532934473095   0.0635074232619040
  0.6695878970081166   0.7120200125607786   0.2673484386597176   0.0635074232619040
  0.1556094361325234   0.5778820073136930   0.3131150963736440   0.0635074232619040
  0.3750932841925800   0.9954942558522276   0.4452167061984627   0.0635074232619040
  0.5288487740270733   0.4660056552181956   0.7492821946565870   0.0635074232619040
  0.9965029094334897   0.5940755205765864   0.7730003988354877   0.0635074232619040
  0.0994208334603384   0.0408631185299001   0.2708275327955541   0.0635074232619040
  0.0998498120954818   0.8116304774728362   0.8226009927151338   0.0635074232619040
  0.1862439283561272   0.1238134815450717   0.9038565316878781   0.0635074232619040
  0.3005530599835324   0.5047494084075438   0.1882546095982502   0.0635074232619040
  0.7368961288379328   0.5949512708873979   0.5835332502310245   0.0635074232619040
  0.7549729313088980   0.5668206668653935   0.0158871168868964   0.0635074232619040
  0.4733544124619957   0.1493393067544839   0.1699215249092585   0.0635074232619040
  0.6912020143872699   0.2950784276448516   0.6690286629609631   0.0635074232619040
  0.3572143180068580   0.5636566473067343   0.7241403439243638   0.0635074232619040
  0.5767412559424506   0.0183858367820471   0.4819119126568454   0.0635074232619040
  0.1177675341658969   0.6004134833821881   0.5261817002799358   0.0635074232619040
  0.1150688807763907   0.2616358368759897   0.1680791744173780   0.0635074232619040
  0.1629467610075049   0.9126095398861850   0.8889343546703461   0.0635074232619040
  0.0221156465411294   0.3813310880111940   0.4219072477922082   0.0635074232619040
  0.4025824310098296   0.5062449446708885   0.5986169765125099   0.0635074232619040
  0.0086929046268742   0.2163728073135601   0.1142135795656703   0.0635074232619040
  0.8371777382695892   0.6688988966634540   0.3620526142798955   0.0635074232619040
  0.6055478464004672   0.0830241376789956   0.5915023045654353   0.0635074232619040
  0.8470276744709476   0.6634098347271071   0.2355340772199739   0.0635074232619040
  0.5264441803904485   0.5889880792101230   0.7091355229289118   0.0635074232619040
  0.6195135475449571   0.2568919025203084   0.3443333809383504   0.0635074232619040
  0.9094949314502297   0.5584137406934991   0.8583855290635596   0.0635074232619040
  0.7479357900345726   0.5191765000077576   0.4821967749715907   0.0635074232619040
  0.5803302723486108   0.7341355448883207   0.9305748257965764   0.0635074232619040
  0.1844550594328511   0.7184546734292491   0.8053351630403937   0.0635074232619040
  0.4926773219873823   0.0183901638849902   0.1918053326451158   0.0635074232619040
  0.5843341469023127   0.7974022198983466   0.2276691241284739   0.0635074232619040
  0.7480542350795951   0.1880897537800750   0.2976097812327814   0.0635074232619040
  0.5736412142685305   0.9208475615297873   0.1997463724833855   0.0635074232619040
  0.7966257315962862   0.9998833119925603   0.9903113788984647   0.0635074232619040
  0.6539868956307282   0.6683458271201994   0.7798344652882512   0.0635074232619040
  0.1799164417859507   0.4966296929339392   0.4076666808420878   0.0635074232619040
  0.4153631671294902   0.2897375705715176   0.9903265553767746   0.0635074232619040
  0.4796947855382941   0.1555970006863497   0.6259544642789301   0.0635074232619040
  0.3651829541088206   0.0780469483801182   0.6074158799752891   0.0635074232619040
  0.6675385644370840   0.9551930288004490   0.3537546788450022   0.0635074232619040
  0.0553061120232474   0.0228480399546744   0.1530900301158802   0.0635074232619040
  0.1803589608340675   0.2142285948467131   0.9928691469983368   0.0635074232619040
  0.0900568159575929   0.2860529214598256   0.0459686759664850   0.0635074232619040
  0.0451499913000037   0.1374803847979716   0.2068399135250757   0.0635074232619040
  0.1567570840002695   0.7036560089492554   0.2954415382944652   0.0635074232619040
  0.8107028824730853   0.0668439066522503   0.0973201814573881   0.0635074232619040
  0.4965459455308181   0.7079236292694184   0.0424625707727102   0.0635074232619040
  0.0610501765033547   0.6715248451156879   0.0297460297104586   0.0635074232619040
  0.2431303179661875   0.0422137202749920   0.8248743256144289   0.0635074232619040
  0.4507004142206253   0.9162560404137751   0.7937751866090883   0.0635074232619040
  0.6009017184277685   0.2750540359398452   0.5819789557559254   0.0635074232619040
  0.1177404825500980   0.6103873867760630   0.8071785369358160   0.0635074232619040
  0.0085019407572504   0.9633894616380727   0.5645727960617384   0.0635074232619040
  0.2541920713860635   0.4613540578880853   0.2982558529029522   0.0635074232619040
  0.0335746202152134   0.3864815153330136   0.5482992422311047   0.0635074232619040
  0.4191543227826375   0.7100586715889005   0.8515966026468137   0.0635074232619040
  0.2775609053608191   0.1026671958234234   0.3727166487376304   0.0635074232619040
  0.8977475528621103   0.4043413027058385   0.4102505530199219   0.0635074232619040
  0.8475604841878933   0.8767327621924808   0.2383753241553092   0.0635074232619040
  0.7993919242461963   0.0050411435177204   0.6052318611345462   0.0635074232619040
  0.4465382830134977   0.2433291424183579   0.4911626974956819   0.0635074232619040
  0.5152229008579942   0.3527610966297094   0.0371115955683931   0.0635074232619040
  0.0007525494808065   0.7421349743704513   0.8612661487495830   0.0635074232619040
  0.7543743435061194   0.4051820426418793   0.6646443685613390   0.0635074232619040
  0.4812987069704680   0.1090278019635514   0.2901073893259307   0.0635074232619040
  0.0222208181088512   0.0707966664289235   0.7853489683647258   0.0635074232619040
  0.2939105287781091   0.5506712458390480   0.9564583940635311   0.0635074232619040
  0.3741991477487972   0.3328182853621518   0.7745369979052805   0.0635074232619040
  0.9185209617706295   0.5875927411284282   0.3081512200453644   0.0635074232619040
  0.7131129099982261   0.0772485294399012   0.6641792644480990   0.0635074232619040
  0.6158423611801154   0.5952972689137745   0.2193688987433902   0.0635074232619040
  0.1542658688012296   0.7804455677599902   0.3965846485084194   0.0635074232619040
  0.7020816303511723   0.2009961962531703   0.5617099388877655   0.0635074232619040
  0.2985218954659689   0.1747896567196049   0.6852003304584434   0.0635074232619040
  0.4876641672785113   0.3494903673103980   0.7199430213846182   0.0635074232619040
  0.9451799934274702   0.6383307636377766   0.4214990049396299   0.0635074232619040
  0.9722030692406948   0.2976310931009138   0.3323664701820254   0.0635074232619040
  0.3696316658285940   0.3933223463918857   0.8861217995829801   0.0635074232619040
  0.0563803872571884   0.1704303239419038   0.0055943730992235   0.0635074232619040
  0.5304575760579811   0.9727802943345371   0.8748812168326280   0.0635074232619040
  0.5815887307857783   0.6821000319659096   0.1332019653964818   0.0635074232619040
  0.7241419131792983   0.7158369956472452   0.3960009330557208   0.0635074232619040
  0.8988184357288592   0.7334805660917260   0.7756514399948109   0.0635074232619040
  0.9508411773943010   0.9665535638359157   0.1983755756209313   0.0635074232619040
  0.8592997818888432   0.5253121611205349   0.0752649196214097   0.0635074232619040
  0.2756787218754070   0.6929471247854123   0.3457062550167836   0.0635074232619040
  0.0372118543708755   0.8290913262918417   0.5592993800837198   0.0635074232619040
  0.2929479973644648   0.0500170305979851   0.7082978339648306   0.0635074232619040
  0.7593278011394640   0.1828405221051646   0.0911430087196216   0.0635074232619040
  0.3207710357975565   0.2768401208556178   0.8994372498510800   0.0635074232619040
  0.2719826679713626   0.1256763426804568   0.9975484177880775   0.0635074232619040
  0.9629023956441185   0.5129660403841447   0.4008545916204139   0.0635074232619040
  0.2932358787301904   0.3688315445590620   0.9845933974028763   0.0635074232619040
  0.4313857260262740   0.9168041739166268   0.5275076731741605   0.0635074232619040
  0.6837173708019244   0.0539826038121719   0.9689165213974856   0.0635074232619040
  0.3249066350908425   0.6041478938988767   0.5759397962101941   0.0635074232619040
  0.5930299133349966   0.6333820644509038   0.0068652349991294   0.0635074232619040
  0.9181641012094232   0.9251986176675747   0.8254916940944421   0.0635074232619040
  0.7861206888854160   0.6068964340125953   0.1394645925353209   0.0635074232619040
  0.3169351008581487   0.9188754979465314   0.7725882169563616   0.0635074232619040
  0.2523644812732329   0.5155518588336522   0.0712335038733515   0.0635074232619040
  0.7377358267236598   0.3709470193954792   0.8332843995808695   0.0635074232619040
  0.8843246446211926   0.3653702517196011   0.8040493454218860   0.0635074232619040
  0.9504492285583240   0.3513656566196755   0.1007046195386264   0.0635074232619040
  0.6718752319190372   0.6033549871127390   0.3330709735391750   0.0635074232619040
  0.9480314988306279   0.9303089536437004   0.0766742807266200   0.0635074232619040
  0.9371141879534508   0.1322316400660040   0.8938152148608883   0.0635074232619040
  0.3395231467122861   0.4863677925404457   0.4901679252166487   0.0635074232619040
  0.8606818265815590   0.4658446055479066   0.3054829677998137   0.0635074232619040
  0.3670618356675215   0.8112694869090259   0.3059791347958910   0.0635074232619040
  0.6368441562986068   0.1691332632672932   0.7910668650731965   0.0635074232619040
  0.7740517400650713   0.7164100360015490   0.5835201790278841   0.0635074232619040
  0.7470215494592494   0.9596439963592748   0.4987930800789308   0.0635074232619040
  0.4710978420424383   0.8521876551767010   0.2452451976142060   0.0635074232619040
  0.6655307422716134   0.5918471550354737   0.1025274132230400   0.0635074232619040
  0.6648180592612167   0.4145949468285254   0.2492321700617662   0.0635074232619040
  0.1654119449985469   0.8190313717527644   0.6927850669358423   0.0635074232619040
  0.4233271306789042   0.2417427777332400   0.7003477692259549   0.0635074232619040
  0.1749594498239592   0.3639643718413584   0.8156026030773588   0.0635074232619040
  0.0744125969291166   0.4295121877195066   0.1576891482968477   0.0635074232619040
  0.3409489908284918   0.1930175422125179   0.1867093192541998   0.0635074232619040
  0.7142054133554128   0.8761201332077438   0.8370955647288353   0.0635074232619040
